version https://git-lfs.github.com/spec/v1
oid sha256:ccd020e87aaa934e1265c82e3bce2ff2d89fa8cd9590a5f1bf307ba57aaa5d82
size 1792
